839.348
393.989
782.316
797.642
910.736
197.354
334.888
767.461
277.497
553.416
476.92
628.242
364.42
512.888
951.277
915.279
635.076
716.58
141.461
606.362
16.2843
242.644
137.094
803.373
156.522
400.543
129.661
108.7
997.926
218.039
512.419
838.273
612.027
295.736
636.915
523.763
493.089
971.802
292.224
770.586
526.218
769.144
399.828
890.638
283.031
352.106
806.917
918.107
69.6855
948.378
525.469
85.9698
192.022
662.564
889.342
348.544
64.1071
20.003
457.244
63.0327
238.042
969.663
901.306
850.069
266.399
539.221
374.832
759.488
512.023
667.056
531.075
39.2411
437.2
930.903
929.879
720.231
284.009
737.796
639.339
353.695
687.174
165.808
439.664
879.195
828.372
330.007
228.739
892.479
350.01
685.983
955.512
588.051
656.647
857.818
439.12
923.046
398.038
813.952
683.534
910.061
